# Program:featureCounts v2.0.0; Command:"featureCounts" "-a" "/home/nu/Diff_proj/Homo_sapiens.GRCh37.75_subset.gtf" "-g" "gene_name" "-o" "counts.txt" "Bam_org/UNT_SRR1039508_subset.bam" "Bam_org/UNT_SRR1039512_subset.bam" "Bam_org/UNT_SRR1039516_subset.bam" "Bam_org/UNT_SRR1039520_subset.bam" "Bam_org/TTT_SRR1039509_subset.bam" "Bam_org/TTT_SRR1039513_subset.bam" "Bam_org/TTT_SRR1039517_subset.bam" "Bam_org/TTT_SRR1039521_subset.bam" 
Geneid	Chr	Start	End	Strand	Length	Bam_org/UNT_SRR1039508_subset.bam	Bam_org/UNT_SRR1039512_subset.bam	Bam_org/UNT_SRR1039516_subset.bam	Bam_org/UNT_SRR1039520_subset.bam	Bam_org/TTT_SRR1039509_subset.bam	Bam_org/TTT_SRR1039513_subset.bam	Bam_org/TTT_SRR1039517_subset.bam	Bam_org/TTT_SRR1039521_subset.bam
C1orf127	1;1;1;1;1;1;1;1;1;1;1;1;1;1;1;1;1;1;1;1;1;1;1;1;1;1;1;1;1;1;1;1;1;1;1;1;1;1;1;1;1;1;1;1;1;1;1;1;1	11006528;11006530;11006530;11006530;11006532;11006787;11007700;11007700;11007700;11007700;11007700;11007700;11009681;11009681;11009681;11009759;11014076;11014076;11014076;11014076;11015047;11015047;11015047;11015047;11017080;11017080;11017642;11017642;11017673;11017673;11018771;11018771;11018771;11018771;11024185;11024185;11024185;11024185;11026415;11026415;11026415;11030027;11030027;11030027;11036213;11036213;11036213;11042069;11042069	11006795;11006798;11006798;11006798;11006643;11006798;11008901;11008901;11008901;11007927;11008901;11009808;11009871;11009871;11009871;11009871;11014199;11014199;11014199;11014199;11015243;11015243;11015243;11015243;11017164;11017164;11017810;11017810;11017810;11017810;11018809;11018809;11018809;11018809;11024328;11024328;11024328;11024258;11026539;11026539;11026539;11030146;11030146;11030146;11036272;11036313;11036313;11042094;11042094	-;-;-;-;-;-;-;-;-;-;-;-;-;-;-;-;-;-;-;-;-;-;-;-;-;-;-;-;-;-;-;-;-;-;-;-;-;-;-;-;-;-;-;-;-;-;-;-;-	3573	0	8	0	2	0	2	0	0
CFL1P6	1;1	11051035;11051475	11051148;11051854	-;-	494	0	2	0	0	0	0	0	0
AL713997.1	1	11058233	11058320	-	88	0	0	0	0	0	0	0	0
Y_RNA	1	11059919	11060002	-	84	0	0	0	0	0	0	0	0
TARDBP	1;1;1;1;1;1;1;1;1;1;1;1;1;1;1;1;1;1;1;1;1;1;1;1;1;1;1;1;1;1;1;1;1;1;1;1;1;1;1;1;1;1;1;1;1;1;1;1;1;1	11072414;11072699;11072712;11072729;11072741;11073773;11073773;11073773;11073773;11073773;11073773;11073773;11075581;11076180;11076901;11076901;11076901;11076901;11076901;11076901;11078790;11078790;11078790;11078790;11078790;11078790;11078790;11080486;11080486;11080486;11080486;11080486;11080486;11080644;11082181;11082181;11082181;11082181;11082181;11083250;11083250;11083250;11083255;11084121;11084121;11084284;11084359;11085167;11085167;11085608	11072485;11072800;11072800;11072800;11072800;11074022;11074022;11074022;11074022;11074022;11074022;11074022;11075703;11076311;11077064;11077064;11077064;11077064;11077064;11077064;11078930;11078930;11078930;11078930;11078930;11078930;11078930;11080656;11080656;11080656;11080655;11080546;11080656;11080656;11082307;11082298;11082307;11082915;11084100;11083386;11084240;11083386;11083386;11084392;11085076;11084392;11084392;11085265;11085548;11085796	+;+;+;+;+;+;+;+;+;+;+;+;+;+;+;+;+;+;+;+;+;+;+;+;+;+;+;+;+;+;+;+;+;+;+;+;+;+;+;+;+;+;+;+;+;+;+;+;+;+	4622	5336	6511	6872	4327	4050	3132	7216	3881
MASP2	1;1;1;1;1;1;1;1;1;1;1;1;1;1;1;1;1;1;1;1;1	11086580;11090233;11090805;11094885;11097750;11097750;11102932;11102932;11103396;11104855;11104855;11105465;11105465;11106613;11106613;11106948;11106948;11106948;11107260;11107260;11107260	11087705;11090307;11090939;11094963;11097868;11097868;11103255;11103079;11103592;11105010;11106790;11105596;11105596;11106790;11106790;11107176;11107176;11107176;11107284;11107290;11107280	-;-;-;-;-;-;-;-;-;-;-;-;-;-;-;-;-;-;-;-;-	4251	71	120	78	89	56	43	78	67
RP4-635E18.8	1	11089716	11090585	+	870	98	85	75	77	88	66	87	64
SRM	1;1;1;1;1;1;1;1;1;1;1;1;1;1;1;1;1;1;1;1;1;1;1	11114641;11114646;11114721;11115019;11115019;11115838;11115838;11116068;11116068;11116068;11116661;11116661;11116661;11116759;11118767;11118857;11118857;11118857;11119282;11119282;11119282;11119834;11119834	11114942;11114942;11115141;11115141;11115261;11115983;11115877;11116151;11116151;11116151;11116814;11116814;11116814;11116814;11118930;11118949;11118949;11118949;11119743;11119437;11119402;11120077;11120081	-;-;-;-;-;-;-;-;-;-;-;-;-;-;-;-;-;-;-;-;-;-;-	1898	2006	2240	2200	1487	2505	2622	3753	3064
EXOSC10	1;1;1;1;1;1;1;1;1;1;1;1;1;1;1;1;1;1;1;1;1;1;1;1;1;1;1;1;1;1;1;1;1;1;1;1;1;1;1;1;1;1;1;1;1;1;1;1;1;1;1;1;1;1;1;1;1;1;1;1;1;1;1;1;1;1;1;1;1;1;1;1;1;1;1;1;1;1;1;1;1;1;1;1;1;1;1;1;1;1;1;1;1;1;1;1;1;1;1;1;1;1;1;1;1;1;1;1;1;1;1;1	11126675;11126675;11126678;11126678;11126742;11128065;11128065;11128065;11128065;11128065;11128702;11128702;11128702;11128702;11128702;11128702;11128711;11129616;11129616;11129616;11129616;11129616;11129616;11130957;11130957;11130957;11130957;11130957;11130957;11132144;11132144;11132144;11132144;11132144;11133991;11133991;11133991;11134288;11134288;11134288;11134288;11134345;11136899;11136899;11136899;11136899;11136899;11137066;11137387;11137422;11137422;11137658;11137658;11137658;11137658;11139768;11139768;11139768;11139768;11139768;11139827;11140556;11140556;11140556;11140556;11140556;11140758;11140821;11140821;11140821;11140821;11141139;11141139;11141139;11141139;11141139;11142591;11142745;11142745;11142745;11147505;11147505;11147505;11147857;11147857;11147857;11148180;11148180;11148180;11150611;11150611;11150611;11151071;11151071;11151071;11151550;11151550;11151550;11151560;11155473;11155815;11155815;11155815;11155815;11158077;11158077;11158077;11158077;11159778;11159778;11159778;11159778	11126805;11126805;11126805;11126805;11126805;11128141;11128141;11128141;11128141;11128141;11128763;11128763;11128981;11128763;11128763;11128763;11128763;11129787;11129787;11129787;11129787;11129787;11129787;11133083;11131030;11131030;11131045;11131030;11131030;11132452;11132228;11132228;11132228;11132228;11134065;11134065;11134065;11134383;11134383;11134383;11134383;11134383;11137005;11137708;11137708;11137005;11137005;11137500;11137500;11137500;11137500;11137708;11137708;11137708;11137708;11139857;11139879;11139879;11139879;11139879;11139879;11140914;11140606;11140571;11140606;11140606;11140969;11140969;11140969;11140969;11140969;11141295;11141295;11141295;11141274;11141295;11142680;11142935;11142935;11142935;11147648;11147648;11147648;11147967;11147967;11147967;11148255;11148255;11148255;11150725;11150725;11150725;11151236;11151236;11151236;11151654;11151654;11151654;11151654;11155604;11155938;11155938;11155938;11155938;11158213;11158213;11158213;11158213;11159894;11159911;11159926;11159938	-;-;-;-;-;-;-;-;-;-;-;-;-;-;-;-;-;-;-;-;-;-;-;-;-;-;-;-;-;-;-;-;-;-;-;-;-;-;-;-;-;-;-;-;-;-;-;-;-;-;-;-;-;-;-;-;-;-;-;-;-;-;-;-;-;-;-;-;-;-;-;-;-;-;-;-;-;-;-;-;-;-;-;-;-;-;-;-;-;-;-;-;-;-;-;-;-;-;-;-;-;-;-;-;-;-;-;-;-;-;-;-	6003	1914	2460	2132	1653	2347	2325	3119	3513
RP4-635E18.7	1;1	11128528;11130716	11128770;11133154	+;+	2682	3	2	3	2	1	2	13	4
RP4-635E18.6	1;1;1;1	11159732;11159732;11161858;11161858	11159871;11159967;11162108;11162157	+;+;+;+	536	4	8	1	1	0	11	9	9
MTOR	1;1;1;1;1;1;1;1;1;1;1;1;1;1;1;1;1;1;1;1;1;1;1;1;1;1;1;1;1;1;1;1;1;1;1;1;1;1;1;1;1;1;1;1;1;1;1;1;1;1;1;1;1;1;1;1;1;1;1;1;1;1;1;1;1;1;1;1;1;1;1;1;1;1;1;1;1;1;1;1;1;1;1;1;1;1;1;1;1;1;1;1;1;1;1;1;1;1;1;1;1;1;1;1;1;1	11166592;11166592;11167342;11167364;11168238;11168238;11168238;11168238;11169347;11169347;11169347;11169347;11169360;11169706;11169706;11169706;11169706;11169706;11171571;11172909;11172909;11172909;11172909;11172909;11174375;11174375;11174375;11174375;11174375;11174870;11174870;11174870;11174870;11175453;11175453;11175453;11175453;11177061;11177061;11181303;11181303;11182036;11182036;11184555;11184555;11186679;11186679;11187067;11187067;11187681;11187681;11188061;11188061;11188511;11188511;11188912;11188912;11189795;11189795;11190586;11190586;11191651;11193137;11194408;11194408;11199011;11199361;11199361;11199590;11199590;11199590;11204705;11204705;11205025;11206733;11210183;11217209;11227499;11259315;11259598;11264618;11269369;11270871;11272369;11272853;11273456;11276205;11288725;11290982;11291357;11292493;11293455;11294200;11297900;11298459;11300360;11301610;11303171;11307682;11307876;11313896;11316049;11316990;11318542;11319305;11322502	11167557;11167557;11167557;11167557;11168343;11168343;11168343;11168343;11169427;11169427;11169427;11169427;11169427;11169786;11169786;11169786;11169786;11169786;11171810;11172974;11172974;11172974;11172974;11172974;11174510;11174510;11174510;11174686;11174510;11174944;11174944;11174944;11174944;11175720;11175525;11175584;11175525;11177143;11177143;11181425;11181425;11182183;11182183;11184690;11184690;11186853;11186853;11187201;11187201;11187863;11187863;11188183;11188183;11188609;11188609;11189008;11189008;11189895;11189895;11190834;11191615;11193254;11193254;11194523;11194523;11199492;11199492;11199492;11199715;11199717;11199715;11205082;11204812;11205102;11206848;11210283;11217348;11227574;11259460;11259760;11264760;11269515;11270963;11272531;11272965;11273623;11276291;11288975;11291111;11291491;11292585;11293544;11294322;11298105;11298674;11300604;11301738;11303357;11307790;11308151;11314030;11316249;11317222;11318650;11319480;11322564	-;-;-;-;-;-;-;-;-;-;-;-;-;-;-;-;-;-;-;-;-;-;-;-;-;-;-;-;-;-;-;-;-;-;-;-;-;-;-;-;-;-;-;-;-;-;-;-;-;-;-;-;-;-;-;-;-;-;-;-;-;-;-;-;-;-;-;-;-;-;-;-;-;-;-;-;-;-;-;-;-;-;-;-;-;-;-;-;-;-;-;-;-;-;-;-;-;-;-;-;-;-;-;-;-;-	12119	3127	3511	4233	2493	3447	3964	6605	5060
MTOR-AS1	1;1;1;1;1;1;1;1	11203955;11204481;11204724;11204724;11205210;11205210;11209327;11209327	11204044;11204538;11204943;11204943;11205336;11205336;11209594;11209594	+;+;+;+;+;+;+;+	763	1	0	0	0	0	1	0	0
RNU6-537P	1	11212407	11212509	+	103	1	0	0	0	0	0	0	0
snoU13	1	11229564	11229670	-	107	0	0	0	0	0	0	0	0
ANGPTL7	1;1;1;1;1;1;1;1	11249398;11252327;11253637;11253684;11254518;11254583;11254911;11254911	11250012;11252427;11253831;11253831;11254716;11254716;11256038;11255235	+;+;+;+;+;+;+;+	2238	8	38	2	28	100	1086	20	2131
RNU6-291P	1	11286311	11286417	+	107	0	0	0	0	0	1	0	0
RPL39P6	1	11293020	11293169	+	150	0	0	0	0	0	0	0	0
UBIAD1	1;1;1;1;1;1;1;1;1;1;1;1	11333263;11333585;11333946;11333991;11345701;11345701;11345701;11352106;11353524;11354930;11354930;11354930	11334117;11334117;11334117;11334117;11345789;11348491;11345789;11352204;11353683;11356106;11355240;11355221	+;+;+;+;+;+;+;+;+;+;+;+	5082	436	467	533	412	512	496	922	795
UBE2V2P3	1;1	11338673;11339225	11338925;11339408	-;-	437	0	0	2	0	1	0	0	0
